# Created by Octave 3.8.0, Fri Aug 02 15:10:13 2019 PDT <mwright@mwright-17232.local>
# name: amplitudes
# type: matrix
# rows: 4
# columns: 3
 0.5311678532657174 0.6664669311852149 0.5679141498400995
 0.4763332255704956 0.6595139419024172 0.6065850523511432
 0.4137728501232204 0.6389221735328805 0.6329111088389228
 0.3458908870680677 0.6054829561870494 0.6458806237164352


