# Created by Octave 3.8.0, Fri Aug 02 15:10:13 2019 PDT <mwright@mwright-17232.local>
# name: angles
# type: matrix
# rows: 4
# columns: 3
 -0.7853981633974483 0 0.6747409422235527
 -0.9817477042468103 -0.1963495408493621 0.4783914013741907
 -1.178097245096172 -0.3926990816987241 0.2820418605248286
 -1.374446785945534 -0.5890486225480862 0.08569231967546653


