# Created by Octave 3.8.0, Fri Aug 02 17:07:30 2019 PDT <mwright@mwright-17232.local>
# name: Y
# type: matrix
# rows: 800
# columns: 1
 -0.1601992875758453
 1.839251756017869
 1.73670509927892
 0.2785369216786505
 -2.342623592460924
 -1.99340506677463
 2.443231439228373
 -0.5994342323577887
 2.613927187866743
 0.6616850440864315
 -1.505676634812686
 -2.129365987196466
 -0.107419852152509
 -0.5855960812672909
 -1.520141255761855
 1.692743808275613
 -0.9210607597663129
 1.730162153121119
 -1.785402271533858
 0.7643404272100045
 -1.249147668974617
 -3.205744602497946
 -0.2553103761189668
 2.066766969340258
 -3.188324415209693
 1.462047979873823
 1.804693545874127
 1.515677977968004
 -0.6204080442649789
 -3.438391150192516
 -2.799507117251759
 -1.812428316996903
 -2.275140525382379
 -1.181490584535771
 -0.968152170379058
 -2.242087632915445
 -1.119815473746571
 -2.94534461423348
 0.01673549305137306
 1.345724887131468
 0.06159155524037047
 0.3217273039464799
 1.690505723639392
 1.224671416003335
 -0.8449185568519528
 -1.828368060113154
 -0.1507152750954295
 -1.842431324508663
 -0.1436864929652986
 1.956022755343539
 -1.664718205847579
 -1.368343536254707
 -0.0912780811944226
 -1.291108839548913
 -0.6738492492918137
 -3.468112106597335
 -1.404292815609461
 -2.739405089706843
 1.500172015264522
 -2.828830270246537
 -0.8736658635143804
 -1.31073865786821
 -1.478532759351169
 -2.870630072660476
 2.325256964665704
 -0.5127425134072393
 -0.5496009583518988
 -3.202008215497715
 -1.4243351283076
 -2.378643415543293
 -3.059441746310395
 -2.445060071879125
 0.4786341907637183
 -0.6776920794314072
 1.276114734721386
 1.571487516522075
 1.792102273360483
 1.342059121614959
 -2.891991579225801
 0.4338336157928523
 1.016186929807113
 2.656025503540231
 -2.553406630199353
 0.2680058549519113
 -2.440560585617947
 0.3877566845687211
 -2.762736872906316
 -0.573165232888433
 0.1112309881382231
 0.460318231558599
 0.2833273206916046
 -1.096829789759401
 -2.569473600278262
 -0.6917052204212306
 -1.241300228067496
 2.027982734496081
 -1.393597835195198
 -0.8569601507160172
 1.231893754000458
 0.7612296983136322
 -1.519830785739358
 0.5806376090751535
 1.737300712635117
 -2.303899269916863
 -1.047651541538033
 -1.224115975818372
 -1.331497474883307
 -3.210875662588941
 -2.54091804141635
 -2.728681518826155
 -1.542749949764782
 -1.877678988705524
 2.295898807151234
 1.641126746749717
 0.8279955066008065
 -1.0323139006406
 1.954091284413432
 0.5905520018275701
 1.119029161505766
 -1.636412407709785
 1.556838812943966
 1.739037105714037
 -0.7343038622563071
 0.2238224716868924
 1.400318391040219
 2.07040326557873
 1.252175850409221
 -2.95585328269846
 2.605717201305751
 -1.430966493106588
 -2.903005927860623
 -1.195510925333534
 -1.525947822645236
 -1.788569704085578
 -2.416501209660343
 0.3479576240608553
 -3.531463061688123
 0.5401712674538898
 -2.499704174496394
 2.012496303662458
 -2.366430979259545
 0.05142169710306832
 -2.962379890266091
 -2.253538249224918
 2.242259803517071
 0.349990623320672
 -1.29201365723419
 -2.984294805084065
 2.438437208519953
 -0.7822925842688655
 -2.805482135349187
 2.188000250418954
 -2.530287701952069
 -1.163827810764144
 2.587970800738544
 0.7688713813012702
 1.701131848549846
 1.586545092972876
 0.2584037521729544
 0.5231882713125835
 2.472453824333336
 -1.492712604266413
 -1.651502552849583
 -2.125641301438475
 0.2311122806970582
 0.3308467277973245
 -1.434768986213985
 -2.360855288122171
 -1.134526750471722
 1.234802664084882
 0.478241380423867
 1.19863212405937
 1.527994205854772
 -2.488899866025783
 -2.245253770314317
 -0.6190771927511283
 -3.061223650023491
 -0.1165684296840523
 -0.8965064132493936
 -2.26461471842291
 1.432510018828357
 2.47950818210994
 -0.8705860332258819
 -2.715982147236355
 -3.409076998100447
 -0.5382778116492085
 -3.579164777524426
 -2.389750962915579
 -2.738209215832469
 0.6755950818987873
 -0.1183723301423642
 2.121266224482636
 0.4143054736329769
 1.854022122997561
 -2.83359820370784
 -1.412220403864599
 0.2798925860005537
 0.8282368312335797
 -3.481882860165073
 -1.791258605799323
 1.888119062613606
 -1.599299903112849
 -2.628142801029263
 -1.727881060512219
 -1.271274632437442
 -1.231835247680606
 -1.472085963833475
 -3.243927175451601
 -1.041289078198658
 1.632293941222378
 0.3990583561950268
 -0.09554431430795141
 -2.777556843186059
 -1.086789131786765
 -2.416232541809809
 1.222931185768744
 -1.025317862006641
 1.928451753564835
 -1.360731707548237
 2.528750068343519
 -3.389910370825327
 2.133027252152308
 -1.94167386305181
 1.492598235333121
 0.1810309858055378
 0.4634530374741487
 -0.8992531101450768
 -3.546072084695668
 -1.567683373229915
 0.4999489800572119
 -3.128783660510073
 -0.7341741027669896
 2.12930492659883
 -0.7984738975084843
 -3.07616625585835
 1.336983061193988
 -1.204400491950084
 -2.045336891789246
 0.4430869469264282
 0.9430927884925266
 -1.808129328538319
 -3.269994119446259
 -2.959063629049486
 -1.755107861262172
 -1.176496362723116
 0.8014176105464843
 1.870176140978715
 -2.585139790959704
 2.174295767495208
 -1.499764102786709
 0.2839406563811078
 0.9536438220203791
 -2.942161519293129
 -0.9964484879091128
 -2.670746101604779
 1.91022456160165
 -1.785532814827286
 -1.016185344820711
 1.905790031988244
 2.503876273492572
 2.016248882913739
 0.7036570799091439
 -0.1941804835682255
 2.1890223873006
 -2.245064554473657
 1.932670509162974
 -1.771436771033383
 1.705331493724548
 0.5259286123993883
 -0.9478875352598098
 -2.405472353375297
 -1.334990081022318
 -1.680073695453646
 -0.6475623640497344
 1.465226102843802
 -0.394375536266003
 -3.023936545459665
 -0.8652806976602359
 0.7300499492286676
 -3.132149405303685
 -0.7703337094237981
 0.006423886759513331
 -1.106024210827123
 -2.085541793943169
 -1.440218645470619
 -1.657035307228983
 -1.832763611102022
 1.845353795026744
 -0.6099068609075813
 2.126185484831503
 -0.6838256916358727
 -3.269889946634888
 -2.960418241007649
 -0.7902089915352624
 -0.9059750192240508
 -2.459346262478238
 2.065947934093008
 0.05684944877360648
 1.357358065547375
 -2.998301047265556
 -1.899006194607886
 -1.09588148659631
 1.848660485386921
 0.4031620926240107
 -0.69127180008004
 2.264334012460391
 0.4853677292145414
 0.9030402979661514
 -2.90561650183915
 0.6239193468750213
 2.230963244492396
 0.551053216461781
 -1.203122457304095
 0.6561498235997427
 -3.349118130605079
 -0.9368145867733564
 0.8748829961178723
 -3.479070238979254
 1.889727169933841
 2.621510430773504
 1.764323348480172
 -2.822536570072644
 2.552179739688516
 -1.863581083297033
 -0.1549182250463741
 0.604445658461261
 -1.247214844540839
 -1.129499497276449
 -2.233915573972101
 2.320825458566214
 0.09931866430122804
 1.124534787044309
 2.465567143099843
 -0.5785141780275329
 1.201906530402436
 -1.600048927884159
 2.125001387293615
 0.1943244357859555
 -2.28542070438767
 1.731101247707923
 -1.987431338156635
 0.07068114474970211
 2.520748310927241
 -1.290820995593904
 2.274677023520483
 -0.8849419728940819
 -1.525767961168028
 -1.853323736158278
 -1.373568507386107
 0.5995547040590503
 0.07717840805143894
 1.256045952007316
 2.502962570190358
 1.894844967340248
 -2.974983107381462
 -1.676558156604482
 -0.8716588752645309
 -1.395263148551424
 1.787105708583562
 2.093387463448927
 -1.525926062298355
 -3.018503720526843
 -1.715458127535565
 1.768825702026723
 -1.315495943787129
 1.155379178045861
 -1.971297803194341
 1.138237015564932
 0.8781024633115002
 1.540633358940714
 -0.7630279176139128
 1.838485403822947
 1.807198007236669
 2.013258533463545
 2.107463588133296
 -3.196833288408602
 0.1634496100496629
 -1.509178791250663
 -2.307102013236747
 0.562783930937762
 0.3951001109694577
 -0.4113668298695538
 -2.208668977121515
 0.3582515819681829
 -3.028004290785811
 -2.115411213078361
 2.14447786591589
 -3.391602405752572
 -1.152400049683801
 -1.559254252248375
 1.446159643213399
 -2.710170487492395
 -2.573820100821179
 1.41361457877817
 1.595753108954737
 0.2116499798301708
 -2.370445325723651
